Global Child Mortality 1960 - 2017
57
1.0
0.9751351351351352
0.9572972972972973
0.9410810810810811
0.947027027027027
0.9340540540540541
0.9254054054054055
0.912972972972973
0.8848648648648649
0.8097297297297298
0.7832432432432432
0.7643243243243243
0.7475675675675676
0.7302702702702702
0.7135135135135136
0.6994594594594594
0.6843243243243242
0.6697297297297298
0.6562162162162163
0.6432432432432432
0.6291891891891892
0.6124324324324324
0.5962162162162161
0.5800000000000001
0.5627027027027027
0.547027027027027
0.532972972972973
0.5199999999999999
0.5081081081081081
0.5037837837837837
0.49729729729729727
0.49081081081081085
0.4843243243243244
0.4789189189189189
0.47081081081081083
0.46162162162162157
0.4524324324324324
0.44216216216216214
0.4297297297297297
0.4167567567567568
0.4027027027027027
0.38756756756756755
0.372972972972973
0.35945945945945945
0.34324324324324323
0.32918918918918916
0.31513513513513514
0.30270270270270266
0.2891891891891892
0.27837837837837837
0.2654054054054054
0.2545945945945946
0.24432432432432427
0.23513513513513512
0.2264864864864865
0.2189189189189189
0.21135135135135136
