Global Temperature 1880 - 2018
139
0.16768558951965057
0.21222707423580778
0.20087336244541482
0.16593886462882085
0.10742358078602615
0.08558951965065492
0.09519650655021827
0.07030567685589512
0.16855895196506548
0.20305676855895183
0.07117903930130998
0.1406113537117903
0.11615720524017459
0.09301310043668104
0.10043668122270744
0.14104803493449775
0.1995633187772925
0.2
0.11703056768558939
0.16375545851528372
0.2152838427947597
0.17379912663755448
0.1078602620087335
0.060698689956331764
0.007860262008733465
0.11659388646288205
0.1366812227074235
0.05021834061135366
0.030131004366812042
0.0
0.02532751091703045
0.023144104803493437
0.06506550218340601
0.07248908296943218
0.17292576419213967
0.18122270742358076
0.06681222707423579
0.012227074235807767
0.09694323144104794
0.10742358078602621
0.10917030567685587
0.1550218340611353
0.10611353711790389
0.11441048034934487
0.11091703056768548
0.13842794759825322
0.19694323144104792
0.13930131004366797
0.14934497816593872
0.06462882096069866
0.17117903930131
0.20655021834061127
0.1716157205240174
0.10393013100436671
0.18777292576419208
0.14978165938864624
0.17598253275109166
0.23973799126637552
0.2524017467248908
0.24497816593886457
0.32096069868995636
0.3519650655021834
0.2890829694323144
0.30087336244541485
0.36157205240174667
0.30262008733624446
0.21572052401746722
0.24104803493449778
0.19868995633187775
0.19650655021834057
0.16419213973799124
0.21877729257641926
0.26157205240174664
0.29606986899563315
0.18689956331877722
0.18253275109170297
0.15720524017467252
0.2807860262008734
0.2903930131004367
0.27292576419213965
0.24410480349344976
0.28820960698689946
0.2764192139737991
0.28558951965065493
0.15152838427947596
0.20043668122270736
0.22620087336244532
0.24541484716157197
0.21615720524017462
0.2860262008733625
0.2698689956331877
0.2135371179039301
0.26157205240174664
0.3432314410480349
0.22183406113537107
0.2506550218340611
0.20655021834061132
0.3510917030567685
0.29344978165938856
0.3445414847161572
0.39388646288209606
0.4266375545851528
0.331004366812227
0.42096069868995634
0.3393013100436681
0.3187772925764192
0.35371179039301304
0.4262008733624454
0.46069868995633184
0.4008733624454148
0.49563318777292575
0.4698689956331878
0.37336244541484714
0.37947598253275105
0.422707423580786
0.4934497816593887
0.42969432314410483
0.5021834061135372
0.5790393013100437
0.46200873362445416
0.4672489082969432
0.5423580786026201
0.5864628820960699
0.5851528384279476
0.543231441048035
0.6148471615720524
0.5938864628820961
0.6069868995633189
0.5445414847161572
0.6039301310043668
0.6397379912663755
0.5764192139737991
0.5965065502183406
0.6187772925764192
0.6493449781659388
0.7301310043668123
0.791703056768559
0.743231441048035
0.7039301310043669
