Global Illiteracy 1986 - 2016
31
1.0
0.9686844360510618
0.9376699781146026
0.920453608936008
0.9032528606417813
0.8959272045242389
0.8810264967904468
0.871763851011237
0.8613533395565501
0.8502517386313624
0.8364191761976507
0.7927491086669514
0.7520227698628968
0.7348845051061439
0.7192717005056317
0.7163242012206914
0.6895677809025531
0.6627504930004969
0.6219654412172648
0.6148121534789595
0.6064032698281542
0.5969924949730379
0.5642295752897005
0.5577172824616787
0.5554048529239871
0.5573423812368398
0.5058290137997045
0.498645022943847
0.48394630940447253
0.47471275078925856
0.4654565688242697
